saddr,saddr_raw,daddr,daddr_raw,ipid,ttl,classification,success,sport,dport,udp_pkt_size,data,icmp_responder,icmp_type,icmp_code,icmp_unreach_str,repeat,cooldown,timestamp_str,timestamp_ts,timestamp_us,version,mtype,token-length,code,mid,token,options
135.0.75.45,759890055,192.168.0.123,2063640768,33710,47,udp,1,5683.0,49495.0,575.0,"</>;title=""General Info"";ct=0,</qlink/searchfh>;title=qlink/searchfh,</qlink/searchgw>;title=qlink/searchgw,</qlink/request>;title=qlink/request,</qlink/success>;title=qlink/success,</device/inform/bootstrap>;title=device/inform/bootstrap,</device/inform/boot>;title=device/inform/boot,</device/inform/syncreq>;title=device/inform/syncreq,</device/inform/offline>;title=device/inform/offline,</device/inform/heartbeat>;title=device/inform/heartbeat,</device/inform/data>;title=device/inform/data,</device/inform/change>;title=device/inform/change,</async>;ct=0",,,,,0,0,2025-10-28T17:12:14.811+0100,1761667934,811435,1.0,2.0,0.0,2.05 Content,32112.0,,"{""CONTENT_FORMAT"": ""LINKFORMAT""}"
135.0.13.140,2349662343,192.168.0.123,2063640768,39704,47,udp,1,5683.0,37437.0,575.0,"</>;title=""General Info"";ct=0,</qlink/searchfh>;title=qlink/searchfh,</qlink/searchgw>;title=qlink/searchgw,</qlink/request>;title=qlink/request,</qlink/success>;title=qlink/success,</device/inform/bootstrap>;title=device/inform/bootstrap,</device/inform/boot>;title=device/inform/boot,</device/inform/syncreq>;title=device/inform/syncreq,</device/inform/offline>;title=device/inform/offline,</device/inform/heartbeat>;title=device/inform/heartbeat,</device/inform/data>;title=device/inform/data,</device/inform/change>;title=device/inform/change,</async>;ct=0",,,,,0,0,2025-10-28T17:12:21.678+0100,1761667941,678494,1.0,2.0,0.0,2.05 Content,32112.0,,"{""CONTENT_FORMAT"": ""LINKFORMAT""}"
136.169.212.3,64268680,192.168.0.123,2063640768,27283,46,udp,1,5683.0,42376.0,99.0,"</register>,</ndm/dis>,</ndm/ci>,</mirror>,</uhp>,</ndm/logout>,</ndm/login>,</info>",,,,,0,0,2025-10-28T17:12:34.536+0100,1761667954,536237,1.0,2.0,0.0,2.05 Content,32112.0,,"{""CONTENT_FORMAT"": ""LINKFORMAT""}"
156.38.167.98,1655121564,192.168.0.123,2063640768,3683,45,udp,1,5683.0,46926.0,117.0,"</api>,</api/v1>;obs,</efento>;obs,</efento/c>,</efento/i>,</efento/m>,</efento/t>,</fw>;obs,</sw>;obs",,,,,0,0,2025-10-28T17:12:40.934+0100,1761667960,934699,1.0,2.0,0.0,2.05 Content,32112.0,,"{""CONTENT_FORMAT"": ""LINKFORMAT""}"
135.0.232.77,1307050119,192.168.0.123,2063640768,60082,43,udp,1,5683.0,49789.0,575.0,"</>;title=""General Info"";ct=0,</qlink/searchfh>;title=qlink/searchfh,</qlink/searchgw>;title=qlink/searchgw,</qlink/request>;title=qlink/request,</qlink/success>;title=qlink/success,</device/inform/bootstrap>;title=device/inform/bootstrap,</device/inform/boot>;title=device/inform/boot,</device/inform/syncreq>;title=device/inform/syncreq,</device/inform/offline>;title=device/inform/offline,</device/inform/heartbeat>;title=device/inform/heartbeat,</device/inform/data>;title=device/inform/data,</device/inform/change>;title=device/inform/change,</async>;ct=0",,,,,0,0,2025-10-28T17:12:52.670+0100,1761667972,670997,1.0,2.0,0.0,2.05 Content,32112.0,,"{""CONTENT_FORMAT"": ""LINKFORMAT""}"
135.0.171.123,2074804359,192.168.0.123,2063640768,19117,45,udp,1,5683.0,40104.0,575.0,"</>;title=""General Info"";ct=0,</qlink/searchfh>;title=qlink/searchfh,</qlink/searchgw>;title=qlink/searchgw,</qlink/request>;title=qlink/request,</qlink/success>;title=qlink/success,</device/inform/bootstrap>;title=device/inform/bootstrap,</device/inform/boot>;title=device/inform/boot,</device/inform/syncreq>;title=device/inform/syncreq,</device/inform/offline>;title=device/inform/offline,</device/inform/heartbeat>;title=device/inform/heartbeat,</device/inform/data>;title=device/inform/data,</device/inform/change>;title=device/inform/change,</async>;ct=0",,,,,0,0,2025-10-28T17:14:28.494+0100,1761668068,494617,1.0,2.0,0.0,2.05 Content,32112.0,,"{""CONTENT_FORMAT"": ""LINKFORMAT""}"
135.0.2.81,1359085703,192.168.0.123,2063640768,7846,47,udp,1,5683.0,48623.0,575.0,"</>;title=""General Info"";ct=0,</qlink/searchfh>;title=qlink/searchfh,</qlink/searchgw>;title=qlink/searchgw,</qlink/request>;title=qlink/request,</qlink/success>;title=qlink/success,</device/inform/bootstrap>;title=device/inform/bootstrap,</device/inform/boot>;title=device/inform/boot,</device/inform/syncreq>;title=device/inform/syncreq,</device/inform/offline>;title=device/inform/offline,</device/inform/heartbeat>;title=device/inform/heartbeat,</device/inform/data>;title=device/inform/data,</device/inform/change>;title=device/inform/change,</async>;ct=0",,,,,0,0,2025-10-28T17:15:04.096+0100,1761668104,96114,1.0,2.0,0.0,2.05 Content,32112.0,,"{""CONTENT_FORMAT"": ""LINKFORMAT""}"
138.229.117.201,3379946890,192.168.0.123,2063640768,43275,51,udp,1,5683.0,45444.0,575.0,"</>;title=""General Info"";ct=0,</qlink/searchfh>;title=qlink/searchfh,</qlink/searchgw>;title=qlink/searchgw,</qlink/request>;title=qlink/request,</qlink/success>;title=qlink/success,</device/inform/bootstrap>;title=device/inform/bootstrap,</device/inform/boot>;title=device/inform/boot,</device/inform/syncreq>;title=device/inform/syncreq,</device/inform/offline>;title=device/inform/offline,</device/inform/heartbeat>;title=device/inform/heartbeat,</device/inform/data>;title=device/inform/data,</device/inform/change>;title=device/inform/change,</async>;ct=0",,,,,0,0,2025-10-28T17:15:04.512+0100,1761668104,512223,1.0,2.0,0.0,2.05 Content,32112.0,,"{""CONTENT_FORMAT"": ""LINKFORMAT""}"
135.0.222.163,2749235335,192.168.0.123,2063640768,13328,42,udp,1,5683.0,43532.0,575.0,"</>;title=""General Info"";ct=0,</qlink/searchfh>;title=qlink/searchfh,</qlink/searchgw>;title=qlink/searchgw,</qlink/request>;title=qlink/request,</qlink/success>;title=qlink/success,</device/inform/bootstrap>;title=device/inform/bootstrap,</device/inform/boot>;title=device/inform/boot,</device/inform/syncreq>;title=device/inform/syncreq,</device/inform/offline>;title=device/inform/offline,</device/inform/heartbeat>;title=device/inform/heartbeat,</device/inform/data>;title=device/inform/data,</device/inform/change>;title=device/inform/change,</async>;ct=0",,,,,0,0,2025-10-28T17:16:49.530+0100,1761668209,530113,1.0,2.0,0.0,2.05 Content,32112.0,,"{""CONTENT_FORMAT"": ""LINKFORMAT""}"
135.0.157.108,1822228615,192.168.0.123,2063640768,48382,47,udp,1,5683.0,47913.0,575.0,"</>;title=""General Info"";ct=0,</qlink/searchfh>;title=qlink/searchfh,</qlink/searchgw>;title=qlink/searchgw,</qlink/request>;title=qlink/request,</qlink/success>;title=qlink/success,</device/inform/bootstrap>;title=device/inform/bootstrap,</device/inform/boot>;title=device/inform/boot,</device/inform/syncreq>;title=device/inform/syncreq,</device/inform/offline>;title=device/inform/offline,</device/inform/heartbeat>;title=device/inform/heartbeat,</device/inform/data>;title=device/inform/data,</device/inform/change>;title=device/inform/change,</async>;ct=0",,,,,0,0,2025-10-28T17:16:50.141+0100,1761668210,141045,1.0,2.0,0.0,2.05 Content,32112.0,,"{""CONTENT_FORMAT"": ""LINKFORMAT""}"
135.0.241.75,1274085511,192.168.0.123,2063640768,35278,44,udp,1,5683.0,54871.0,575.0,"</>;title=""General Info"";ct=0,</qlink/searchfh>;title=qlink/searchfh,</qlink/searchgw>;title=qlink/searchgw,</qlink/request>;title=qlink/request,</qlink/success>;title=qlink/success,</device/inform/bootstrap>;title=device/inform/bootstrap,</device/inform/boot>;title=device/inform/boot,</device/inform/syncreq>;title=device/inform/syncreq,</device/inform/offline>;title=device/inform/offline,</device/inform/heartbeat>;title=device/inform/heartbeat,</device/inform/data>;title=device/inform/data,</device/inform/change>;title=device/inform/change,</async>;ct=0",,,,,0,0,2025-10-28T17:17:28.772+0100,1761668248,772233,1.0,2.0,0.0,2.05 Content,32112.0,,"{""CONTENT_FORMAT"": ""LINKFORMAT""}"
153.99.114.98,1651663769,192.168.0.123,2063640768,58996,38,udp,1,5683.0,36911.0,143.0,"</.well-known/core>,</qlink>,</qlink/netinfo>;title=""qlink-netinfo Resource"",</qlink/searchack>;title=""qlink-searchack Resource""",,,,,0,0,2025-10-28T17:17:29.245+0100,1761668249,245771,1.0,2.0,0.0,2.05 Content,32112.0,,"{""CONTENT_FORMAT"": ""LINKFORMAT""}"
141.254.58.8,174364296,192.168.0.123,2063640768,34516,241,icmp,0,,,,,136.150.100.10,11.0,0.0,network unreachable,0,0,2025-10-28T17:20:34.549+0100,1761668434,549660,,,,,,,
135.0.194.110,1858207879,192.168.0.123,2063640768,57836,47,udp,1,5683.0,36469.0,575.0,"</>;title=""General Info"";ct=0,</qlink/searchfh>;title=qlink/searchfh,</qlink/searchgw>;title=qlink/searchgw,</qlink/request>;title=qlink/request,</qlink/success>;title=qlink/success,</device/inform/bootstrap>;title=device/inform/bootstrap,</device/inform/boot>;title=device/inform/boot,</device/inform/syncreq>;title=device/inform/syncreq,</device/inform/offline>;title=device/inform/offline,</device/inform/heartbeat>;title=device/inform/heartbeat,</device/inform/data>;title=device/inform/data,</device/inform/change>;title=device/inform/change,</async>;ct=0",,,,,0,0,2025-10-28T17:21:00.722+0100,1761668460,722184,1.0,2.0,0.0,2.05 Content,32112.0,,"{""CONTENT_FORMAT"": ""LINKFORMAT""}"
135.0.196.92,1556349063,192.168.0.123,2063640768,21829,47,udp,1,5683.0,34105.0,575.0,"</>;title=""General Info"";ct=0,</qlink/searchfh>;title=qlink/searchfh,</qlink/searchgw>;title=qlink/searchgw,</qlink/request>;title=qlink/request,</qlink/success>;title=qlink/success,</device/inform/bootstrap>;title=device/inform/bootstrap,</device/inform/boot>;title=device/inform/boot,</device/inform/syncreq>;title=device/inform/syncreq,</device/inform/offline>;title=device/inform/offline,</device/inform/heartbeat>;title=device/inform/heartbeat,</device/inform/data>;title=device/inform/data,</device/inform/change>;title=device/inform/change,</async>;ct=0",,,,,0,0,2025-10-28T17:21:11.602+0100,1761668471,602773,1.0,2.0,0.0,2.05 Content,32112.0,,"{""CONTENT_FORMAT"": ""LINKFORMAT""}"
153.3.54.249,4181066649,192.168.0.123,2063640768,9500,36,udp,1,5683.0,54402.0,112.0,"</qlink/searchdevice>;title=""QLINK-FIND Resource"",</qlink/netinfo>;title=""QLINK-NETINFO Resource""",,,,,0,0,2025-10-28T17:23:54.557+0100,1761668634,557231,1.0,2.0,0.0,2.05 Content,32112.0,,"{""CONTENT_FORMAT"": ""LINKFORMAT""}"
135.0.109.135,2272067719,192.168.0.123,2063640768,28403,48,udp,1,5683.0,59762.0,575.0,"</>;title=""General Info"";ct=0,</qlink/searchfh>;title=qlink/searchfh,</qlink/searchgw>;title=qlink/searchgw,</qlink/request>;title=qlink/request,</qlink/success>;title=qlink/success,</device/inform/bootstrap>;title=device/inform/bootstrap,</device/inform/boot>;title=device/inform/boot,</device/inform/syncreq>;title=device/inform/syncreq,</device/inform/offline>;title=device/inform/offline,</device/inform/heartbeat>;title=device/inform/heartbeat,</device/inform/data>;title=device/inform/data,</device/inform/change>;title=device/inform/change,</async>;ct=0",,,,,0,0,2025-10-28T17:24:08.715+0100,1761668648,715108,1.0,2.0,0.0,2.05 Content,32112.0,,"{""CONTENT_FORMAT"": ""LINKFORMAT""}"
145.11.90.86,1448741777,192.168.0.123,2063640768,27938,53,icmp,0,,,,,145.11.90.86,3.0,3.0,port unreachable,0,0,2025-10-28T17:26:25.884+0100,1761668785,884253,,,,,,,
135.0.75.154,2588606599,192.168.0.123,2063640768,63677,47,udp,1,5683.0,36876.0,575.0,"</>;title=""General Info"";ct=0,</qlink/searchfh>;title=qlink/searchfh,</qlink/searchgw>;title=qlink/searchgw,</qlink/request>;title=qlink/request,</qlink/success>;title=qlink/success,</device/inform/bootstrap>;title=device/inform/bootstrap,</device/inform/boot>;title=device/inform/boot,</device/inform/syncreq>;title=device/inform/syncreq,</device/inform/offline>;title=device/inform/offline,</device/inform/heartbeat>;title=device/inform/heartbeat,</device/inform/data>;title=device/inform/data,</device/inform/change>;title=device/inform/change,</async>;ct=0",,,,,0,0,2025-10-28T17:28:39.706+0100,1761668919,706347,1.0,2.0,0.0,2.05 Content,32112.0,,"{""CONTENT_FORMAT"": ""LINKFORMAT""}"
135.0.93.46,777846919,192.168.0.123,2063640768,23455,47,udp,1,5683.0,40178.0,575.0,"</>;title=""General Info"";ct=0,</qlink/searchfh>;title=qlink/searchfh,</qlink/searchgw>;title=qlink/searchgw,</qlink/request>;title=qlink/request,</qlink/success>;title=qlink/success,</device/inform/bootstrap>;title=device/inform/bootstrap,</device/inform/boot>;title=device/inform/boot,</device/inform/syncreq>;title=device/inform/syncreq,</device/inform/offline>;title=device/inform/offline,</device/inform/heartbeat>;title=device/inform/heartbeat,</device/inform/data>;title=device/inform/data,</device/inform/change>;title=device/inform/change,</async>;ct=0",,,,,0,0,2025-10-28T17:28:44.901+0100,1761668924,901765,1.0,2.0,0.0,2.05 Content,32112.0,,"{""CONTENT_FORMAT"": ""LINKFORMAT""}"
135.0.126.178,2994602119,192.168.0.123,2063640768,10442,48,udp,1,5683.0,47217.0,575.0,"</>;title=""General Info"";ct=0,</qlink/searchfh>;title=qlink/searchfh,</qlink/searchgw>;title=qlink/searchgw,</qlink/request>;title=qlink/request,</qlink/success>;title=qlink/success,</device/inform/bootstrap>;title=device/inform/bootstrap,</device/inform/boot>;title=device/inform/boot,</device/inform/syncreq>;title=device/inform/syncreq,</device/inform/offline>;title=device/inform/offline,</device/inform/heartbeat>;title=device/inform/heartbeat,</device/inform/data>;title=device/inform/data,</device/inform/change>;title=device/inform/change,</async>;ct=0",,,,,0,0,2025-10-28T17:29:09.053+0100,1761668949,53824,1.0,2.0,0.0,2.05 Content,32112.0,,"{""CONTENT_FORMAT"": ""LINKFORMAT""}"
135.0.251.156,2633695367,192.168.0.123,2063640768,30992,52,udp,1,5683.0,51329.0,575.0,"</>;title=""General Info"";ct=0,</qlink/searchfh>;title=qlink/searchfh,</qlink/searchgw>;title=qlink/searchgw,</qlink/request>;title=qlink/request,</qlink/success>;title=qlink/success,</device/inform/bootstrap>;title=device/inform/bootstrap,</device/inform/boot>;title=device/inform/boot,</device/inform/syncreq>;title=device/inform/syncreq,</device/inform/offline>;title=device/inform/offline,</device/inform/heartbeat>;title=device/inform/heartbeat,</device/inform/data>;title=device/inform/data,</device/inform/change>;title=device/inform/change,</async>;ct=0",,,,,0,0,2025-10-28T17:30:32.168+0100,1761669032,168131,1.0,2.0,0.0,2.05 Content,32112.0,,"{""CONTENT_FORMAT"": ""LINKFORMAT""}"
129.252.62.139,1678048385,192.168.0.123,2063640768,53134,242,icmp,0,,,,,129.252.4.100,3.0,0.0,network unreachable,0,0,2025-10-28T17:30:42.086+0100,1761669042,86105,,,,,,,
139.227.148.233,3918848907,192.168.0.123,2063640768,22476,36,udp,1,5683.0,50719.0,1340.0,"</>;title=""General Info"";ct=0,</qlink/searchdevice>;title=""searchdevice"";obs,</qlink/netinfo>;title=""netinfo"";obs,</qlink/searchack>;title=""searchack"";obs,</device/command/unbind>;title=""unbind"";obs,</device/command/file>;title=""file"";obs,</device/command/log>;title=""log"";obs,</device/command/selfdetect>;title=""selfdetect"";obs,</qlink/searchdevice?true>;title=""searchdevice?true"";obs,</qlink/searchRouter?true>;title=""searchRouter?true"";obs,</qlink/guide?true>;title=""guide?true"";obs,</qlink/request?true>;title=""request?true"";obs,</device/inform/data>;title=""data"";obs,</apdevice/control/WiFiParameterSync>;title=""WiFiParameterSync"";obs,</apdevice/control/WiFiSwitch>;title=""WiFiSwitch"";obs,</apdevice/control/RadioConfig>;title=""RadioConfig"";obs,</apdevice/control/WPS>;title=""WPS"";obs,</apdevice/control/MacFilter>;title=""MacFilter"";obs,</apdevice/control/Reboot>;title=""Reboot"";obs,</apdevice/control/LEDControl>;title=""LEDControl"";obs,</apdevice/control/RoamingConfig>;title=""RoamingConfig"";obs,</apdevice/query/ApConfigInfo>;title=""ApConfigInfo"";obs,</apdevice/query/UplinkStatus>;title=""UplinkStatus"";obs,</apdevice/query/STAInfo>;title=""STAInfo"";obs,</apdevice/query/WiFiStats>;title=""WiFiStats"";obs,</apdevice/query/WiFiStatus>;title=""WiFiStatus"";obs,</apdevice/query/WlanNeighborInfo>;title=""WlanNeighborInfo"";obs",,,,,0,0,2025-10-28T17:31:21.630+0100,1761669081,630794,1.0,2.0,0.0,2.05 Content,32112.0,,"{""CONTENT_FORMAT"": ""LINKFORMAT""}"
135.0.152.50,848822407,192.168.0.123,2063640768,1984,45,udp,1,5683.0,56538.0,575.0,"</>;title=""General Info"";ct=0,</qlink/searchfh>;title=qlink/searchfh,</qlink/searchgw>;title=qlink/searchgw,</qlink/request>;title=qlink/request,</qlink/success>;title=qlink/success,</device/inform/bootstrap>;title=device/inform/bootstrap,</device/inform/boot>;title=device/inform/boot,</device/inform/syncreq>;title=device/inform/syncreq,</device/inform/offline>;title=device/inform/offline,</device/inform/heartbeat>;title=device/inform/heartbeat,</device/inform/data>;title=device/inform/data,</device/inform/change>;title=device/inform/change,</async>;ct=0",,,,,0,0,2025-10-28T17:31:27.297+0100,1761669087,297636,1.0,2.0,0.0,2.05 Content,32112.0,,"{""CONTENT_FORMAT"": ""LINKFORMAT""}"
135.0.18.200,3356622983,192.168.0.123,2063640768,31048,47,udp,1,5683.0,53283.0,575.0,"</>;title=""General Info"";ct=0,</qlink/searchfh>;title=qlink/searchfh,</qlink/searchgw>;title=qlink/searchgw,</qlink/request>;title=qlink/request,</qlink/success>;title=qlink/success,</device/inform/bootstrap>;title=device/inform/bootstrap,</device/inform/boot>;title=device/inform/boot,</device/inform/syncreq>;title=device/inform/syncreq,</device/inform/offline>;title=device/inform/offline,</device/inform/heartbeat>;title=device/inform/heartbeat,</device/inform/data>;title=device/inform/data,</device/inform/change>;title=device/inform/change,</async>;ct=0",,,,,0,0,2025-10-28T17:33:36.720+0100,1761669216,720288,1.0,2.0,0.0,2.05 Content,32112.0,,"{""CONTENT_FORMAT"": ""LINKFORMAT""}"
134.122.90.201,3378150022,192.168.0.123,2063640768,43401,47,udp,1,5683.0,54496.0,12.0,,,,,,0,0,2025-10-28T17:35:33.422+0100,1761669333,422095,1.0,2.0,0.0,4.04 Not Found,0.0,,
128.0.134.47,797311104,192.168.0.123,2063640768,27747,45,udp,1,5683.0,40556.0,99.0,"</register>,</ndm/dis>,</ndm/ci>,</mirror>,</uhp>,</ndm/logout>,</ndm/login>,</info>",,,,,0,0,2025-10-28T17:35:37.704+0100,1761669337,704638,1.0,2.0,0.0,2.05 Content,32112.0,,"{""CONTENT_FORMAT"": ""LINKFORMAT""}"
139.167.142.14,244230027,192.168.0.123,2063640768,14016,50,udp,1,5683.0,45244.0,12.0,,,,,,0,0,2025-10-28T17:35:46.871+0100,1761669346,871657,1.0,2.0,0.0,4.04 Not Found,32112.0,,
135.0.5.78,1308950663,192.168.0.123,2063640768,9475,47,udp,1,5683.0,45172.0,575.0,"</>;title=""General Info"";ct=0,</qlink/searchfh>;title=qlink/searchfh,</qlink/searchgw>;title=qlink/searchgw,</qlink/request>;title=qlink/request,</qlink/success>;title=qlink/success,</device/inform/bootstrap>;title=device/inform/bootstrap,</device/inform/boot>;title=device/inform/boot,</device/inform/syncreq>;title=device/inform/syncreq,</device/inform/offline>;title=device/inform/offline,</device/inform/heartbeat>;title=device/inform/heartbeat,</device/inform/data>;title=device/inform/data,</device/inform/change>;title=device/inform/change,</async>;ct=0",,,,,0,0,2025-10-28T17:35:54.952+0100,1761669354,952227,1.0,2.0,0.0,2.05 Content,32112.0,,"{""CONTENT_FORMAT"": ""LINKFORMAT""}"
135.0.251.178,3002794119,192.168.0.123,2063640768,13465,43,udp,1,5683.0,38734.0,575.0,"</>;title=""General Info"";ct=0,</qlink/searchfh>;title=qlink/searchfh,</qlink/searchgw>;title=qlink/searchgw,</qlink/request>;title=qlink/request,</qlink/success>;title=qlink/success,</device/inform/bootstrap>;title=device/inform/bootstrap,</device/inform/boot>;title=device/inform/boot,</device/inform/syncreq>;title=device/inform/syncreq,</device/inform/offline>;title=device/inform/offline,</device/inform/heartbeat>;title=device/inform/heartbeat,</device/inform/data>;title=device/inform/data,</device/inform/change>;title=device/inform/change,</async>;ct=0",,,,,0,0,2025-10-28T17:36:09.651+0100,1761669369,651953,1.0,2.0,0.0,2.05 Content,32112.0,,"{""CONTENT_FORMAT"": ""LINKFORMAT""}"
135.0.190.93,1572733063,192.168.0.123,2063640768,6510,42,udp,1,5683.0,36515.0,575.0,"</>;title=""General Info"";ct=0,</qlink/searchfh>;title=qlink/searchfh,</qlink/searchgw>;title=qlink/searchgw,</qlink/request>;title=qlink/request,</qlink/success>;title=qlink/success,</device/inform/bootstrap>;title=device/inform/bootstrap,</device/inform/boot>;title=device/inform/boot,</device/inform/syncreq>;title=device/inform/syncreq,</device/inform/offline>;title=device/inform/offline,</device/inform/heartbeat>;title=device/inform/heartbeat,</device/inform/data>;title=device/inform/data,</device/inform/change>;title=device/inform/change,</async>;ct=0",,,,,0,0,2025-10-28T17:36:17.568+0100,1761669377,568139,1.0,2.0,0.0,2.05 Content,32112.0,,"{""CONTENT_FORMAT"": ""LINKFORMAT""}"
158.46.91.85,1432039070,192.168.0.123,2063640768,15575,45,udp,1,5683.0,48595.0,99.0,"</register>,</ndm/dis>,</ndm/ci>,</mirror>,</uhp>,</ndm/logout>,</ndm/login>,</info>",,,,,0,0,2025-10-28T17:37:50.413+0100,1761669470,413027,1.0,2.0,0.0,2.05 Content,32112.0,,"{""CONTENT_FORMAT"": ""LINKFORMAT""}"
138.229.114.42,712172938,192.168.0.123,2063640768,51860,44,udp,1,5683.0,43010.0,575.0,"</>;title=""General Info"";ct=0,</qlink/searchfh>;title=qlink/searchfh,</qlink/searchgw>;title=qlink/searchgw,</qlink/request>;title=qlink/request,</qlink/success>;title=qlink/success,</device/inform/bootstrap>;title=device/inform/bootstrap,</device/inform/boot>;title=device/inform/boot,</device/inform/syncreq>;title=device/inform/syncreq,</device/inform/offline>;title=device/inform/offline,</device/inform/heartbeat>;title=device/inform/heartbeat,</device/inform/data>;title=device/inform/data,</device/inform/change>;title=device/inform/change,</async>;ct=0",,,,,0,0,2025-10-28T17:38:20.999+0100,1761669500,999044,1.0,2.0,0.0,2.05 Content,32112.0,,"{""CONTENT_FORMAT"": ""LINKFORMAT""}"
138.197.169.38,648660362,192.168.0.123,2063640768,9698,51,udp,1,5683.0,51903.0,121.0,"</fw>,</efento>,</efento/c>,</efento/i>,</efento/m>,</efento/t>,</sw>,</api>,</api/v1>,</.well-known/core>",,,,,0,0,2025-10-28T17:38:27.649+0100,1761669507,649429,1.0,2.0,0.0,2.05 Content,32112.0,,"{""CONTENT_FORMAT"": ""LINKFORMAT""}"
135.0.240.122,2062549127,192.168.0.123,2063640768,41586,42,udp,1,5683.0,36018.0,575.0,"</>;title=""General Info"";ct=0,</qlink/searchfh>;title=qlink/searchfh,</qlink/searchgw>;title=qlink/searchgw,</qlink/request>;title=qlink/request,</qlink/success>;title=qlink/success,</device/inform/bootstrap>;title=device/inform/bootstrap,</device/inform/boot>;title=device/inform/boot,</device/inform/syncreq>;title=device/inform/syncreq,</device/inform/offline>;title=device/inform/offline,</device/inform/heartbeat>;title=device/inform/heartbeat,</device/inform/data>;title=device/inform/data,</device/inform/change>;title=device/inform/change,</async>;ct=0",,,,,0,0,2025-10-28T17:41:40.464+0100,1761669700,464016,1.0,2.0,0.0,2.05 Content,32112.0,,"{""CONTENT_FORMAT"": ""LINKFORMAT""}"
135.0.80.5,89129095,192.168.0.123,2063640768,10013,47,udp,1,5683.0,47330.0,575.0,"</>;title=""General Info"";ct=0,</qlink/searchfh>;title=qlink/searchfh,</qlink/searchgw>;title=qlink/searchgw,</qlink/request>;title=qlink/request,</qlink/success>;title=qlink/success,</device/inform/bootstrap>;title=device/inform/bootstrap,</device/inform/boot>;title=device/inform/boot,</device/inform/syncreq>;title=device/inform/syncreq,</device/inform/offline>;title=device/inform/offline,</device/inform/heartbeat>;title=device/inform/heartbeat,</device/inform/data>;title=device/inform/data,</device/inform/change>;title=device/inform/change,</async>;ct=0",,,,,0,0,2025-10-28T17:41:56.413+0100,1761669716,413008,1.0,2.0,0.0,2.05 Content,32112.0,,"{""CONTENT_FORMAT"": ""LINKFORMAT""}"
135.0.247.247,4160159879,192.168.0.123,2063640768,61624,51,udp,1,5683.0,56555.0,575.0,"</>;title=""General Info"";ct=0,</qlink/searchfh>;title=qlink/searchfh,</qlink/searchgw>;title=qlink/searchgw,</qlink/request>;title=qlink/request,</qlink/success>;title=qlink/success,</device/inform/bootstrap>;title=device/inform/bootstrap,</device/inform/boot>;title=device/inform/boot,</device/inform/syncreq>;title=device/inform/syncreq,</device/inform/offline>;title=device/inform/offline,</device/inform/heartbeat>;title=device/inform/heartbeat,</device/inform/data>;title=device/inform/data,</device/inform/change>;title=device/inform/change,</async>;ct=0",,,,,0,0,2025-10-28T17:45:20.071+0100,1761669920,71721,1.0,2.0,0.0,2.05 Content,32112.0,,"{""CONTENT_FORMAT"": ""LINKFORMAT""}"
151.0.49.32,540082327,192.168.0.123,2063640768,32707,49,udp,1,5683.0,40549.0,99.0,"</register>,</ndm/dis>,</ndm/ci>,</mirror>,</uhp>,</ndm/logout>,</ndm/login>,</info>",,,,,0,0,2025-10-28T17:45:37.099+0100,1761669937,99760,1.0,2.0,0.0,2.05 Content,32112.0,,"{""CONTENT_FORMAT"": ""LINKFORMAT""}"
146.66.178.152,2561819282,192.168.0.123,2063640768,3103,54,udp,1,5683.0,58191.0,99.0,"</register>,</ndm/dis>,</ndm/ci>,</mirror>,</uhp>,</ndm/logout>,</ndm/login>,</info>",,,,,0,0,2025-10-28T17:45:37.628+0100,1761669937,628555,1.0,2.0,0.0,2.05 Content,32112.0,,"{""CONTENT_FORMAT"": ""LINKFORMAT""}"
144.118.186.143,3595366092,192.168.0.123,2063640768,16452,242,icmp,0,,,,,204.238.76.214,11.0,0.0,network unreachable,0,0,2025-10-28T17:45:41.754+0100,1761669941,754136,,,,,,,
135.0.232.243,4092067975,192.168.0.123,2063640768,61142,42,udp,1,5683.0,47910.0,575.0,"</>;title=""General Info"";ct=0,</qlink/searchfh>;title=qlink/searchfh,</qlink/searchgw>;title=qlink/searchgw,</qlink/request>;title=qlink/request,</qlink/success>;title=qlink/success,</device/inform/bootstrap>;title=device/inform/bootstrap,</device/inform/boot>;title=device/inform/boot,</device/inform/syncreq>;title=device/inform/syncreq,</device/inform/offline>;title=device/inform/offline,</device/inform/heartbeat>;title=device/inform/heartbeat,</device/inform/data>;title=device/inform/data,</device/inform/change>;title=device/inform/change,</async>;ct=0",,,,,0,0,2025-10-28T17:45:53.498+0100,1761669953,498862,1.0,2.0,0.0,2.05 Content,32112.0,,"{""CONTENT_FORMAT"": ""LINKFORMAT""}"
135.0.234.170,2867462279,192.168.0.123,2063640768,22770,43,udp,1,5683.0,52149.0,575.0,"</>;title=""General Info"";ct=0,</qlink/searchfh>;title=qlink/searchfh,</qlink/searchgw>;title=qlink/searchgw,</qlink/request>;title=qlink/request,</qlink/success>;title=qlink/success,</device/inform/bootstrap>;title=device/inform/bootstrap,</device/inform/boot>;title=device/inform/boot,</device/inform/syncreq>;title=device/inform/syncreq,</device/inform/offline>;title=device/inform/offline,</device/inform/heartbeat>;title=device/inform/heartbeat,</device/inform/data>;title=device/inform/data,</device/inform/change>;title=device/inform/change,</async>;ct=0",,,,,0,0,2025-10-28T17:46:07.647+0100,1761669967,647836,1.0,2.0,0.0,2.05 Content,32112.0,,"{""CONTENT_FORMAT"": ""LINKFORMAT""}"
158.46.241.226,3807456926,192.168.0.123,2063640768,10426,45,udp,1,5683.0,39309.0,99.0,"</register>,</ndm/dis>,</ndm/ci>,</mirror>,</uhp>,</ndm/logout>,</ndm/login>,</info>",,,,,0,0,2025-10-28T17:48:34.992+0100,1761670114,992521,1.0,2.0,0.0,2.05 Content,32112.0,,"{""CONTENT_FORMAT"": ""LINKFORMAT""}"
151.252.78.213,3578723479,192.168.0.123,2063640768,25245,51,udp,1,5683.0,38838.0,99.0,"</register>,</ndm/dis>,</ndm/ci>,</mirror>,</uhp>,</ndm/logout>,</ndm/login>,</info>",,,,,0,0,2025-10-28T17:48:37.514+0100,1761670117,514056,1.0,2.0,0.0,2.05 Content,32112.0,,"{""CONTENT_FORMAT"": ""LINKFORMAT""}"
135.0.147.154,2593325191,192.168.0.123,2063640768,19042,45,udp,1,5683.0,60520.0,575.0,"</>;title=""General Info"";ct=0,</qlink/searchfh>;title=qlink/searchfh,</qlink/searchgw>;title=qlink/searchgw,</qlink/request>;title=qlink/request,</qlink/success>;title=qlink/success,</device/inform/bootstrap>;title=device/inform/bootstrap,</device/inform/boot>;title=device/inform/boot,</device/inform/syncreq>;title=device/inform/syncreq,</device/inform/offline>;title=device/inform/offline,</device/inform/heartbeat>;title=device/inform/heartbeat,</device/inform/data>;title=device/inform/data,</device/inform/change>;title=device/inform/change,</async>;ct=0",,,,,0,0,2025-10-28T17:48:46.742+0100,1761670126,742739,1.0,2.0,0.0,2.05 Content,32112.0,,"{""CONTENT_FORMAT"": ""LINKFORMAT""}"
135.0.193.198,3334537351,192.168.0.123,2063640768,11248,45,udp,1,5683.0,38884.0,575.0,"</>;title=""General Info"";ct=0,</qlink/searchfh>;title=qlink/searchfh,</qlink/searchgw>;title=qlink/searchgw,</qlink/request>;title=qlink/request,</qlink/success>;title=qlink/success,</device/inform/bootstrap>;title=device/inform/bootstrap,</device/inform/boot>;title=device/inform/boot,</device/inform/syncreq>;title=device/inform/syncreq,</device/inform/offline>;title=device/inform/offline,</device/inform/heartbeat>;title=device/inform/heartbeat,</device/inform/data>;title=device/inform/data,</device/inform/change>;title=device/inform/change,</async>;ct=0",,,,,0,0,2025-10-28T17:48:47.248+0100,1761670127,248204,1.0,2.0,0.0,2.05 Content,32112.0,,"{""CONTENT_FORMAT"": ""LINKFORMAT""}"
135.0.162.229,3852599431,192.168.0.123,2063640768,56289,42,udp,1,5683.0,34157.0,575.0,"</>;title=""General Info"";ct=0,</qlink/searchfh>;title=qlink/searchfh,</qlink/searchgw>;title=qlink/searchgw,</qlink/request>;title=qlink/request,</qlink/success>;title=qlink/success,</device/inform/bootstrap>;title=device/inform/bootstrap,</device/inform/boot>;title=device/inform/boot,</device/inform/syncreq>;title=device/inform/syncreq,</device/inform/offline>;title=device/inform/offline,</device/inform/heartbeat>;title=device/inform/heartbeat,</device/inform/data>;title=device/inform/data,</device/inform/change>;title=device/inform/change,</async>;ct=0",,,,,0,0,2025-10-28T17:49:16.601+0100,1761670156,601590,1.0,2.0,0.0,2.05 Content,32112.0,,"{""CONTENT_FORMAT"": ""LINKFORMAT""}"
135.0.24.46,773324935,192.168.0.123,2063640768,10678,47,udp,1,5683.0,56864.0,575.0,"</>;title=""General Info"";ct=0,</qlink/searchfh>;title=qlink/searchfh,</qlink/searchgw>;title=qlink/searchgw,</qlink/request>;title=qlink/request,</qlink/success>;title=qlink/success,</device/inform/bootstrap>;title=device/inform/bootstrap,</device/inform/boot>;title=device/inform/boot,</device/inform/syncreq>;title=device/inform/syncreq,</device/inform/offline>;title=device/inform/offline,</device/inform/heartbeat>;title=device/inform/heartbeat,</device/inform/data>;title=device/inform/data,</device/inform/change>;title=device/inform/change,</async>;ct=0",,,,,0,0,2025-10-28T17:49:22.498+0100,1761670162,498708,1.0,2.0,0.0,2.05 Content,32112.0,,"{""CONTENT_FORMAT"": ""LINKFORMAT""}"
151.0.35.178,2988638359,192.168.0.123,2063640768,1676,52,udp,1,5683.0,35698.0,99.0,"</register>,</ndm/dis>,</ndm/ci>,</mirror>,</uhp>,</ndm/logout>,</ndm/login>,</info>",,,,,0,0,2025-10-28T17:49:27.522+0100,1761670167,522328,1.0,2.0,0.0,2.05 Content,32112.0,,"{""CONTENT_FORMAT"": ""LINKFORMAT""}"
